m =  [[6.922284188212e-310, 588.3084499089292, 592.125669041861, 338.48192840800374, 743.1854239759434, 692.9448815954646, 780.3550298581745, 622.7199083929058, 232.3218424029072, 849.9430828198465, 590.6108882132486, 1072.0281666498395, 525.60174067663, 675.8779266002236, 662.1353671707836, 1269.37287429159, 808.7955314191048, 962.8497909263286, 728.9767557133603, 883.9010279839553, 863.4419427381985, 173.17870580604412, 689.9739002565472, 871.9728665778404, 445.81486483211495, 572.8523763689545, 510.5949746595611, 800.6403144193335, 623.9836144082313, 848.4507113310153, 1706.8042366310851, 625.3328579600595, 767.8054939457381, 855.1789322880302, 648.5658149526814, 736.8095018640598, 391.06601669072177, 584.8118493587156, 787.904056225856, 1004.8022663815334, 318.8031120173332, 1077.387229022595, 543.0869587577457, 956.475451430893, 848.7765188102051, 727.5867245586375, 631.9700873337326, 461.16548631128256, 823.4631051183426, 889.1414827201469, 1016.2609481302959, 711.7757349061528, 917.7272587541203, 794.2459618343638, 645.0517306961513, 535.184074257005, 848.2765125439271, 1022.2046629854267, 553.8122425560173, 271.09382097669777, 160.28488853580404, 854.3885157363113, 337.93383638767693, 692.1639012778525, 714.7722893090427, 746.2412911917949, 724.9657829645092, 461.16548631128256, 875.3255819835924, 861.3048142643502, 1263.635475682712, 985.3683683279921, 257.39643484691595, 270.64631682356395, 1064.9618797405838, 273.8452433007094, 713.9207914632344, 842.0481090547952, 1391.9203974775419, 950.4724203152211, 535.5647827900416, 574.9536897525679, 408.08581871205877, 909.3798359919466, 668.3407710707086, 469.23222105469483, 271.5385768292113, 560.5004172969317, 480.3004576771355, 627.4243536891126, 496.8805185070025, 549.8710848359866, 703.5764606289074, 908.9036504799267, 794.1380496668702, 727.9963312457139, 729.0903466833232, 808.7955314191048, 932.1776897554248, 723.8167665045145, 389.8971795558734, 914.0147949165665, 583.6651002400002, 777.7320438424352, 907.559107746096, 498.9219209253712, 711.7757349061528, 959.148010739582, 912.4167585294848, 744.3937813835281, 801.8790872335015, 910.0275954444613, 805.915492061512, 825.1541354009303, 567.6144467635136], [588.3084499089292, 5.252661e-317, 502.01950735698756, 673.6392031471527, 536.7846503868134, 501.74350698162203, 539.0607477054372, 555.322121103091, 430.86287053053263, 450.95485267658336, 758.6471545152401, 446.03728402242234, 496.78310412310185, 471.7969968402286, 390.38328048280323, 462.8775936022776, 484.91042081728096, 855.0051368530931, 527.9767421254842, 495.1403848061968, 579.6177213482662, 609.8495602669077, 596.6797679136974, 524.4304960351695, 628.3116073444128, 871.7582958586522, 683.2732570708862, 474.5917518394757, 510.98605398647385, 428.7137228915487, 916.8750381632577, 609.7360833969911, 412.39551200291993, 515.4135678443113, 472.25026702635125, 417.4460178784439, 779.960189741143, 799.0106971848193, 566.2266172923254, 561.9914786727679, 613.0689328589169, 401.1903507668149, 538.0629627890712, 601.7500912675797, 640.2641925348355, 528.3162791635385, 565.9391153891689, 566.035027376472, 403.1805635721241, 586.3739188005322, 673.2102441265015, 532.8643888299172, 661.7579575813094, 405.9375477160998, 401.4595431324698, 532.6363852382407, 517.8564796006989, 501.2858464398356, 569.0493987405692, 424.363317654793, 636.6057056491412, 558.154802994602, 596.0861017856328, 499.6413184969612, 458.19879009403655, 308.0496494000243, 391.8214596610046, 566.035027376472, 475.3786853282594, 523.0284640500313, 774.469675775524, 394.3464446274598, 635.6666628228646, 540.8977298843395, 490.23705678162474, 565.2202792609395, 632.4318075455052, 467.05882718865075, 359.20068352715685, 689.1137806608276, 159.2689413973387, 894.7246038845298, 557.3140148613836, 610.7498759179952, 623.5145995447372, 581.6615849773809, 646.3600410271046, 477.6642402471692, 562.114766328398, 461.7613175481623, 519.7799481815875, 521.0795407844449, 355.8732234060936, 449.22685663724997, 549.7109060558461, 378.26104530299614, 567.4772243636918, 484.91042081728096, 708.1982069947366, 537.7561785550421, 498.72692296369627, 497.37316476665603, 443.1442813398897, 489.7506252984067, 465.37281974740813, 502.21792111392756, 532.8643888299172, 443.4319617229066, 360.2527175956125, 489.050219849639, 831.1379076801559, 659.6317658216128, 522.4319185187993, 605.8372376583616, 366.6766492385494], [592.125669041861, 502.01950735698756, 5.2526807e-317, 360.7692098945622, 712.6816790251374, 821.7066221272808, 947.3687352615908, 602.896519943247, 351.6169751115957, 859.1103867541468, 893.532304015708, 1252.3592948039545, 457.05520548980917, 593.891259518522, 573.1654887822419, 752.1156092835117, 604.6137128410243, 991.624836077454, 686.1684440190713, 991.3658867607827, 908.1629707572821, 348.3971598877411, 700.5310924655128, 761.1044426896628, 624.7095480902898, 736.3595088814888, 574.7570930676372, 708.763668740957, 614.4689979018632, 765.4335193708828, 1752.837212338442, 322.58915062635253, 727.2245601995644, 591.4582561798555, 595.8923383608865, 598.2916755909655, 640.3609628934304, 867.9168461039526, 800.2721485944859, 1260.1356072207134, 513.1591793538149, 1148.383643747235, 623.2084200331329, 1119.8549228596853, 943.5648336500218, 686.9455743433922, 726.7792129554416, 464.4493296315564, 903.707560276944, 1094.371735246129, 1162.6133857075304, 598.9798814484199, 1146.2559658699033, 655.447205383406, 553.2725772700226, 529.8506516731311, 944.9369915549106, 637.2312539423573, 368.7765578827684, 212.4439781438003, 417.76797937153344, 872.7243735751215, 274.44976705293516, 616.0706652225238, 659.7099181503789, 630.0742608533221, 370.6574588731164, 464.4493296315564, 877.6356417187295, 821.3741423154877, 1331.6710365083206, 1050.6339470030068, 469.61790732247454, 239.31910084924795, 1142.7330615289218, 215.44109819731315, 964.991058407326, 814.4197146469036, 1064.6705792039093, 1069.297128218099, 440.39835502474733, 947.8743370581014, 385.9208100248947, 1123.8406957742222, 523.4514927052617, 568.3176288608337, 321.8976081955833, 599.0984082519163, 653.1768458679107, 734.9620966149974, 455.6689353566585, 625.5017589803019, 620.6123943262112, 867.1759339050191, 586.0903571527053, 552.1384159653462, 795.8325317788417, 604.6137128410243, 1133.7819253841897, 228.79943078113027, 270.1390784487667, 1007.9695704533428, 698.4446291119709, 754.2718208053276, 1002.6390399408805, 380.4329449571477, 598.9798814484199, 1275.915019416128, 719.2125968533703, 623.2980638437115, 869.9325918546932, 989.1039711876227, 798.7160410768466, 783.5494098865357, 450.2449956800759], [338.48192840800374, 673.6392031471527, 360.7692098945622, 5.252661e-317, 683.7258937165329, 625.0464528276348, 719.2383147015207, 721.3180706799654, 417.7927337215895, 794.9622816109878, 608.9216485836014, 871.3828066184961, 393.7005506670877, 471.6411041971865, 567.7508672436342, 700.3870357630512, 577.741061762435, 715.826132523841, 588.4449480781209, 731.4338809408471, 728.004599723224, 445.54634560818937, 481.06536687395646, 676.607400928334, 355.2010727363355, 913.2492362849358, 589.7876140144009, 647.8638745345945, 476.7469415540918, 732.5823182863423, 1413.8851502507061, 527.221739659536, 694.5706916517177, 523.665075395546, 574.9628902506456, 628.7924790123704, 416.9565649024683, 703.7959954079371, 677.6187229933346, 864.5825239741883, 387.71812124950065, 846.5558798786302, 562.1709555639757, 809.7699162928441, 714.4124008390532, 583.3016245148082, 378.2826009002699, 460.1442980118637, 654.9462642512905, 765.1127207244956, 818.8909833116427, 571.7699945441057, 805.8693448137838, 642.1321199500297, 666.7375865663885, 344.0437001822142, 759.7105280560257, 579.500377525269, 246.44317484074722, 191.13621511866964, 501.39590973224995, 756.5944027510717, 419.860063025597, 743.8858213227466, 492.73251099272915, 625.2918876664072, 534.79337620323, 460.1442980118637, 797.5468025803982, 670.5984282730006, 1075.1249230503565, 810.4976188591525, 398.1911540254728, 452.50189027501284, 1031.9955531750977, 360.8618580532988, 627.3861015336296, 696.5072686810139, 998.840662034464, 796.2782377028047, 603.7728702182094, 838.2010465372364, 540.767150359821, 757.4050956025743, 442.7538839905, 478.2645854488585, 367.7046766906751, 432.15482921631144, 458.43577977473154, 459.39847324607126, 502.8800600582433, 636.9264560784699, 603.9034970154853, 770.412817232061, 444.0316251948058, 778.1820113472188, 638.581193311934, 577.741061762435, 810.5732014113817, 324.01516353239526, 409.28577204224626, 714.7797861089574, 493.872021473643, 835.5451470895836, 730.3696729567907, 396.2212574541258, 571.7699945441057, 841.7321118351352, 583.7155568131009, 457.5578188529381, 923.6314734754664, 787.0894069114582, 680.6060843135782, 548.8519991799358, 735.0872979020036], [743.1854239759434, 536.7846503868134, 712.6816790251374, 683.7258937165329, 5.2526807e-317, 498.38574740257906, 454.1544016223558, 540.0023052501126, 295.2691116794865, 588.2177534636492, 872.6789122752975, 889.5626937541776, 507.06656901007386, 715.8577466744621, 241.17951070125224, 770.8863198057621, 685.8889224879049, 790.3700798357498, 396.115895427405, 545.94468049856, 770.940935801863, 467.4193892516907, 305.0855705447604, 451.0145591206127, 803.4419731244401, 631.5362312660163, 468.7958934926405, 442.13213602934735, 590.5508592753341, 307.8189328951759, 1274.81237408794, 568.1624282577933, 588.392306115574, 330.78064797537036, 290.6828178768732, 678.1062519901858, 767.9048499671561, 745.8004285691151, 359.6552416258053, 873.0579356401374, 620.1864618456158, 804.9574193960897, 677.6970002800948, 776.6357410301833, 579.8203810235136, 396.94758160929376, 636.5794166366658, 520.9508513314697, 781.7976507494791, 774.3465433285005, 822.463855925111, 401.0757613367433, 888.6703803772067, 409.3636423234172, 649.6430304344725, 724.4653995992069, 662.7258291949794, 665.7282525701658, 727.9319180855078, 361.1494063411414, 537.0700115422834, 752.028861776002, 296.9307049624225, 632.4299787364607, 515.7420075803609, 434.4702333221504, 632.6709830647882, 520.9508513314697, 608.104299404424, 507.00373270127363, 982.8609367757898, 730.5983760321682, 707.8082326355153, 375.787443023357, 945.7810013800278, 477.9386046625739, 627.2844085577681, 666.950222627649, 745.1878706719037, 743.4843473872324, 534.2481937934791, 886.6701517630057, 315.0676285429698, 813.735153888251, 492.993732358749, 680.0988777873359, 582.7205403521292, 296.32249787245973, 596.1343016707382, 771.5498869624168, 374.60971686691425, 747.9662027216439, 356.2025062250056, 394.305542173914, 604.5500557735426, 572.0139563569955, 549.4929192123793, 685.8889224879049, 741.8660311876449, 664.3878019425343, 317.30139344599786, 601.5626246855509, 521.7007858027181, 638.6370337197664, 559.4910479856342, 590.4311583094099, 401.0757613367433, 694.5833173627906, 672.2910957841766, 502.0069524303854, 656.5759944415347, 613.2288621768097, 584.2410743490399, 372.40736373077624, 478.3058046029487], [692.9448815954646, 501.74350698162203, 821.7066221272808, 625.0464528276348, 498.38574740257906, 5.252661e-317, 1167.4663326199056, 446.5318947237338, 177.07412407644352, 2545.09543554476, 567.450899480952, 989.7263996258824, 1337.1941445634238, 1549.8708933693954, 1397.4408988933144, 988.5965091151028, 867.7424111403272, 472.2011674387047, 1215.7918469474462, 1514.548335879907, 828.8324548132368, 385.94583929150093, 1605.7417599121827, 669.6740244539602, 980.3678728674112, 380.8585076843529, 331.39708305915445, 786.3546353149937, 562.2232283080856, 606.9759597054694, 1927.7274766729317, 791.8860060260465, 1474.9439023863345, 653.6838035625661, 1193.2326073718193, 539.146617628105, 612.7014031827364, 424.35766753671953, 356.8574604455251, 1803.5909825925937, 556.6238991957515, 1212.209284673557, 1016.5683679950798, 1504.3927899094558, 909.1659094520198, 1226.7593542600073, 681.121467630126, 431.0173966216685, 3118.1320738561626, 611.7512795402969, 1472.1708308297957, 674.7196696622769, 844.3190238037301, 1482.0012020375743, 659.9414403388415, 2305.5584971465614, 762.2745302973523, 987.0410674944454, 786.8992220346823, 347.2536923250768, 455.32734328924397, 1048.5686108028792, 357.4137313034301, 500.6370622795969, 718.9731827886887, 1873.9908616845398, 1371.6207362158434, 431.0173966216685, 2043.914648231228, 1161.9720895004625, 2066.5171151766453, 945.2038516766033, 497.56746125180297, 357.20810146563554, 912.0899505570842, 521.5029144827473, 850.4542097837797, 784.6127536404625, 708.3728859191551, 1566.4269152330364, 489.624107833503, 458.29046302480197, 499.05010179259557, 1876.8267843042831, 652.688715069722, 828.1212947256593, 550.8133657131602, 1634.274567050326, 860.0457179655342, 1770.6672865090454, 400.75327705444477, 477.1004976289295, 1703.5077075579993, 1248.5091708586463, 1011.2748524848633, 568.360257040429, 492.19761689707764, 867.7424111403272, 707.8336237003585, 791.1413192811128, 343.72959298834706, 1520.6714935104646, 1418.159549255028, 609.5242844745846, 1527.8494257807185, 986.8243305356273, 674.7196696622769, 1730.504492302197, 1052.506927573455, 694.0437179091368, 435.3175934723781, 790.7018884268275, 1484.1634951467713, 471.14752234718685, 468.7745954678711], [780.3550298581745, 539.0607477054372, 947.3687352615908, 719.2383147015207, 454.1544016223558, 1167.4663326199056, 5.2526807e-317, 354.547787127769, 180.94090920141062, 1735.2906040382272, 690.6130754105778, 791.8227335629058, 1410.3512957983476, 2224.9738866324346, 1113.6357679421658, 1071.600417303295, 959.2278369247321, 481.1991245953768, 813.2226573852795, 891.30598778482, 578.8645240840827, 484.5546910289736, 1419.279187656, 594.6363032373682, 872.0231458402293, 496.51452599339643, 254.1076657509593, 826.4475091561777, 594.5655775345297, 549.265558036529, 1453.0982475653132, 807.6806491051364, 1224.1675213977564, 639.1374817800917, 770.6307210236725, 519.1421849005459, 719.7646651726559, 437.2813738678098, 349.83686958846465, 1383.0240178459403, 690.8872461178729, 914.2172500332587, 1000.3912730685863, 1353.8438820519452, 781.9289647735027, 823.8433798102113, 828.6457749716751, 393.0584581805724, 2663.832224408713, 457.9396246707303, 1369.6552372249978, 666.6961016888615, 630.603635768377, 950.6954795813252, 602.1754790442707, 2003.167016808089, 515.156174033001, 1060.9830433298546, 873.9266013718759, 401.58624083675716, 546.6812289940406, 770.0082592428254, 417.8235210179573, 421.68970934706743, 703.6858382837229, 1555.3560996033239, 1122.6001276179134, 393.0584581805724, 1426.8919558897492, 769.82583778028, 1759.0568469660293, 706.6698008681103, 707.5751564896393, 402.2952772668081, 889.4929725666548, 656.1131475524863, 852.089927440298, 884.153327021718, 712.1591178653055, 1299.126598289103, 491.67780031382983, 399.5712445424812, 564.7809587753974, 2206.819718080832, 660.4537036699274, 808.0930645134345, 684.4044830469336, 1094.411166675001, 773.1080064666628, 1523.9878313071629, 444.86800352804323, 463.8460591260709, 1149.7406040608967, 757.7945915865286, 872.8068479292139, 469.8461556820775, 658.1423582068918, 959.2278369247321, 618.1001260080909, 840.1245981265196, 359.4593359497283, 933.0738610297528, 1219.8586445969818, 439.7083791538728, 934.6756233178552, 1015.2836870197232, 666.6961016888615, 1037.7910678585897, 926.9112267208881, 684.8752779091197, 328.5932599027128, 578.9394935833196, 1699.38052610226, 528.8222940908904, 542.6265231068023], [622.7199083929058, 555.322121103091, 602.896519943247, 721.3180706799654, 540.0023052501126, 446.5318947237338, 354.547787127769, 5.252661e-317, 330.98132485438185, 374.07022509309434, 699.4908202535408, 264.2085206144312, 448.5729981517921, 450.6427095868939, 407.6609591104237, 800.6964437084328, 330.92368126078526, 845.3129599376655, 531.5077982186211, 390.41724403907114, 281.3519538203203, 610.8814378930708, 598.1537785704381, 501.41394166710234, 652.414355478897, 904.4347389794892, 321.28893481014495, 525.4861570369604, 538.749482874865, 502.2745972840185, 725.1813549341674, 871.7951898572945, 517.6798403503846, 552.4922936515064, 478.59160404748263, 494.26592063336375, 781.6319053330752, 596.9272747086299, 457.9991559564347, 490.2665760398511, 607.871030834909, 291.55847234491154, 435.745059881577, 431.7412537246119, 492.90582541170244, 534.4627880276419, 563.0556067750637, 569.2826344052695, 331.4620373845242, 300.768907173831, 497.3439226124292, 590.7854653470267, 362.56039649513383, 436.9083250751661, 566.6546010641898, 569.3463501288544, 280.5531576125317, 647.2622816082752, 622.74447256282, 419.9450028691664, 681.5899084141998, 279.7752083649846, 413.5748169013448, 188.49091617194858, 593.7681106429303, 446.54721107036994, 606.0986717837606, 569.2826344052695, 386.5993926267518, 445.5449418594544, 657.5381426730546, 209.4897727917639, 701.9104154802019, 479.7794468700467, 689.0626805640801, 590.6184147338121, 602.2762275607593, 221.01454339296077, 869.2527136445251, 528.804502021576, 522.752860179481, 748.8899770577773, 580.5020753945015, 425.66131578499505, 601.4546878053853, 547.5208219891746, 744.4857587771743, 572.7430191519943, 592.6168137471027, 560.1258773572812, 544.0534305757225, 439.00878828083614, 377.15333423861716, 498.6083632245895, 522.2529201229454, 328.59123335602385, 469.5702328432469, 330.92368126078526, 504.052807689764, 604.033788166346, 373.0915423027776, 384.12126991188563, 574.8919934785622, 257.37434364504196, 346.35320893170575, 606.3095211250474, 590.7854653470267, 295.993317339066, 591.9370943243184, 620.2987983522378, 877.2014253920739, 312.1441836895376, 441.8299442856268, 603.653202770274, 451.3079758016082], [232.3218424029072, 430.86287053053263, 351.6169751115957, 417.7927337215895, 295.2691116794865, 177.07412407644352, 180.94090920141062, 330.98132485438185, 5.2526807e-317, 249.74920609698762, 230.29772417052828, 325.1721848462805, 225.66142276304282, 249.0110763715541, 179.4936720069363, 537.6707559422409, 233.3812828481603, 411.1804979335479, 227.65015836107867, 183.7924829367529, 219.25145126399437, 237.6933973600011, 248.28640502521586, 191.3371171042439, 293.6270862955546, 338.2174569426367, 262.8001208185752, 202.752936427122, 277.14925961979003, 260.34094582064506, 430.7949933960797, 527.920537366343, 199.45648164268712, 283.1632691489496, 236.33281469822276, 358.0258839636682, 375.7245881084301, 161.12092902316476, 221.31194406772593, 233.85922686492322, 251.77239631213843, 322.1302412062897, 226.4163151952894, 223.1309918303947, 201.4043723436831, 228.4333654857278, 248.02382347571677, 723.2538015633187, 322.33162778785913, 218.34494211764482, 236.86476372277147, 202.29812391616906, 248.9519174242722, 256.5761054173222, 420.9417184499424, 292.3684532137442, 230.98876031400573, 457.95402235385103, 306.4990588481743, 567.3445990579787, 245.34462183123142, 231.50484449367391, 322.03504283475286, 319.8736104450812, 406.53286242259145, 327.6658457154909, 335.53611614129227, 723.2538015633187, 245.81841254502785, 156.28832990047275, 277.6044720308305, 327.68443356659645, 282.14683925342104, 301.89651788932343, 557.74353348868, 338.0495477820483, 214.04825132509967, 289.04850521166355, 486.54951726103013, 187.3022675348351, 392.51155845258063, 200.22148225291483, 304.33520453094997, 220.53817041911594, 217.48242488033029, 252.40797745654365, 333.67957082636406, 177.3847188069042, 225.85326613896964, 255.53271199421303, 287.8223235356314, 265.9788083213625, 272.1838400338398, 268.4122962211954, 268.8910044050518, 352.35836854746964, 178.74433029013426, 233.3812828481603, 287.6648335358744, 337.4451178048507, 388.1823884024451, 203.63684666871498, 216.90242238715712, 346.84843722819073, 204.13585008946438, 281.4780914959332, 202.29812391616906, 263.6253234839521, 385.92271330381425, 403.15412195241623, 375.75333717873406, 257.79152549593766, 246.44323095792205, 281.0962442203125, 390.79502163474467], [849.9430828198465, 450.95485267658336, 859.1103867541468, 794.9622816109878, 588.2177534636492, 2545.09543554476, 1735.2906040382272, 374.07022509309434, 249.74920609698762, 5.252661e-317, 690.9052925883432, 686.528053039546, 1300.8906612525814, 1905.350057092295, 1693.1062962081505, 1406.4530777801128, 843.8898836652206, 656.004245570512, 1349.9484561919649, 2199.8196923567602, 579.4409050194791, 528.7918421840404, 2025.4580894126052, 819.8894986705461, 1189.3422103040596, 470.900943897447, 351.26578937532406, 983.8983542700906, 521.7172830352291, 722.5658648973127, 2488.2977192933167, 632.3968656567263, 1171.8360978725004, 847.7981360866212, 1338.1469397544215, 477.7672345621888, 713.7007320409001, 584.4706521643466, 596.3498795320147, 1937.6956390412054, 709.261366071875, 960.1534128148842, 891.9105394423557, 1816.3646682772808, 1527.5449296476131, 1354.9918553540222, 705.6303273767996, 345.85411731466473, 1766.8998128173228, 729.7709234819914, 1889.4318145738978, 937.8051100163609, 1100.5265261167133, 1229.8099358322368, 633.2038004496574, 1911.1736750968262, 597.880759904954, 999.7807646048352, 885.7798171234382, 397.464753447494, 613.6896952815965, 848.8045071593194, 440.42423714970084, 419.9564712040405, 729.1117835586767, 1736.3400261109257, 1109.8139298524045, 345.85411731466473, 117.4783235683073, 1592.240318114762, 1810.476118774192, 589.8250250111664, 762.0951540634752, 421.36410591922333, 837.4897584207213, 653.724126898306, 1386.1177801715096, 923.5911167713479, 1075.9415134066514, 1884.274636200886, 424.00062809842547, 629.4984883463412, 565.469965595687, 1700.714513765261, 1045.1147905022106, 883.7286845186899, 701.9789122118893, 1710.0890046826876, 1001.7213229317401, 1525.4483596787006, 537.8884434394038, 382.85667432101593, 1479.552004800308, 1108.6314759091727, 1026.541118445859, 429.81408812260275, 947.6108191536393, 843.8898836652206, 927.0414191192499, 792.8432578583443, 411.7059240779159, 2299.080919044693, 1241.861840915808, 472.8706700848801, 2232.8944962088867, 1003.7032050044661, 937.8051100163609, 1404.4551793654823, 887.2611296409041, 758.2246082208999, 518.3906998898872, 849.8109992066165, 2089.0625633347954, 752.1712098233173, 564.3260901989797], [590.6108882132486, 758.6471545152401, 893.532304015708, 608.9216485836014, 872.6789122752975, 567.450899480952, 690.6130754105778, 699.4908202535408, 230.29772417052828, 690.9052925883432, 5.2526807e-317, 866.8532638396189, 564.3340285106776, 489.53242809324246, 545.1046647568054, 1266.9233409007097, 611.4988485702199, 958.9663044437469, 605.4413791199212, 717.5901127361026, 761.9592545559515, 422.7339384538444, 644.3422396367043, 649.8150310408255, 694.2033917553109, 366.8625799937751, 526.278796482195, 614.7508382826193, 734.0997058212483, 719.1788952939814, 1510.4515504518056, 857.3294955056273, 649.6055118919893, 697.7998362423061, 611.5663136443127, 875.4479196300061, 500.2305877067519, 445.3948834126223, 672.2940771812343, 949.4393468616126, 549.0890670453157, 810.1783665902516, 577.9354224102955, 894.7086722089301, 761.2373377670865, 607.3645428253789, 699.2213570453667, 464.88737469952446, 744.8567594042973, 794.8045182860153, 982.6717720990656, 799.6476995656805, 795.1569744505341, 593.1481120005045, 671.9398011914923, 648.5121959211683, 738.2385601903867, 1097.0834582018724, 776.3578566870515, 310.81084306357434, 398.2830621290921, 728.0543889375471, 503.3714601934265, 803.156663767727, 867.8004991711224, 666.0881897513225, 818.1996507195764, 464.88737469952446, 693.4309440239955, 636.4253326115781, 1216.872676278803, 764.0611022595725, 546.3215290148012, 494.09775651003656, 1250.8996576820366, 570.2828372691191, 578.0209890230058, 630.4628276386607, 1210.4313326433876, 865.7750909584196, 675.625759583427, 422.365743965069, 569.1083734884658, 805.296893511588, 648.5390857368983, 578.2276377203854, 476.8452785456816, 545.1985787554863, 668.1363878443791, 644.291768351101, 527.4167904677408, 685.6625576980167, 604.8153798927691, 761.1138491922457, 727.2207434151298, 813.541163241304, 647.0343032440404, 611.4988485702199, 863.8479275136903, 831.6782701391619, 528.071197260208, 764.4335037966364, 627.061328940385, 804.4019658736269, 732.6770998209688, 638.3987131235173, 799.6476995656805, 718.8159880714933, 792.2532353493243, 855.2903991817507, 796.8920314005243, 661.4293639015596, 583.3509759984927, 734.2147237094042, 738.5168186321351], [1072.0281666498395, 446.03728402242234, 1252.3592948039545, 871.3828066184961, 889.5626937541776, 989.7263996258824, 791.8227335629058, 264.2085206144312, 325.1721848462805, 686.528053039546, 866.8532638396189, 5.252661e-317, 824.8983945127462, 714.4165539912083, 747.0112804860285, 1366.6489300190444, 760.5976266024411, 805.9319537066233, 1029.258381686969, 928.9511411851437, 670.1833759570914, 681.3152932310895, 1129.7749671056617, 977.4121605375279, 1223.6821723800929, 646.4677049000553, 405.8445967478498, 975.1588403657996, 901.5431067958577, 863.130487627737, 1113.8240604393195, 987.914296689598, 780.8991249596054, 1066.7839435832302, 887.2388727081213, 744.749645894508, 842.1408066357162, 721.8809947590878, 811.1957798477275, 714.8542736584703, 884.7164150226203, 530.2026406866913, 982.6988343412735, 917.3484499213647, 1105.7131190232565, 1030.793391094162, 930.7700288402706, 592.1783373037945, 720.1329813086606, 916.8911601539053, 1089.1225210341468, 1009.0837827732635, 1311.7029236275828, 844.7465291297034, 716.0017364987359, 864.1159137775433, 764.4463043287388, 1212.7997404372475, 1087.300233509445, 416.20110615446305, 755.7960433103038, 733.6696662155781, 522.7139858512847, 336.7697211057155, 960.7489711795228, 714.2601498034455, 1274.2724288200131, 592.1783373037945, 709.3835272296946, 980.6216913128078, 794.516762262341, 420.80118390712596, 937.5534663514674, 590.3821716889187, 991.7821564764296, 790.599795168918, 1131.7255811208108, 1074.8067438312328, 1084.9073615907419, 1111.8295346551956, 459.3839919668751, 675.3473544747532, 787.9257608196807, 882.1991353117406, 1354.6650716201116, 1255.8734380501273, 865.0796578572097, 882.5361868758797, 961.6634471988175, 758.3308751278146, 741.1914718971026, 606.2446095324385, 785.9563937782841, 801.1093962696369, 849.4820248701236, 386.3589113841635, 1063.5580810955757, 760.5976266024411, 1259.2843825107568, 1108.0631977932626, 448.5395238453764, 864.7158917522015, 853.5265757685224, 426.78449646487474, 798.6202062500898, 904.5357938479871, 1009.0837827732635, 542.8479304906774, 1026.9392242215351, 1009.8528336095192, 758.4124621482373, 1201.9305489796454, 930.2135808331692, 923.7211252515507, 569.2920130469936], [525.60174067663, 496.78310412310185, 457.05520548980917, 393.7005506670877, 507.06656901007386, 1337.1941445634238, 1410.3512957983476, 448.5729981517921, 225.66142276304282, 1300.8906612525814, 564.3340285106776, 824.8983945127462, 5.2526807e-317, 1098.0154098322798, 947.2461371589438, 1212.3315088119487, 1043.2321516011343, 671.4934214893991, 1129.4310423650104, 1515.4722938657756, 723.1980241015322, 173.87023858034382, 1441.0135033815436, 1027.6521329461082, 871.4359909608914, 440.2290033043947, 399.78278326804116, 1283.784687929228, 449.61168662306085, 754.4649820584822, 2501.783003715772, 572.1861410358342, 1101.9638107609119, 626.5035353461502, 1201.111632557918, 507.39973592498166, 536.3506054737222, 488.87086366746377, 530.8120484350063, 1616.8397079110548, 316.52411523509585, 1023.2933363974333, 594.2706372620685, 1597.9941544770468, 1506.9743867636603, 1124.621586877074, 236.49402603539227, 383.0596622160148, 1342.5388314603697, 788.2648302624491, 1650.7701637629182, 758.0001737176574, 748.066886071358, 1091.8825865613112, 443.1668239425447, 1054.2715585575866, 953.7585604279385, 1033.6572482243273, 560.0981940461892, 261.16087089330404, 306.3665697937403, 744.4676273381314, 177.83947840663075, 536.535576728257, 583.0258900536829, 1290.406899224548, 1025.4785607977315, 383.0596622160148, 1325.8472038026923, 1308.2301234645302, 1867.458332884114, 851.3385616360974, 352.55750291186473, 148.49362128049754, 826.0552101338995, 294.6114778642716, 1081.46411696981, 1072.0452097661062, 963.9895417177966, 1551.4321260861557, 492.64541597773905, 545.3904314055833, 347.1202071823241, 1463.2242826079253, 634.7170179052869, 402.9420255485461, 417.8477446454282, 1016.3801080024201, 722.3516872769835, 1394.6842454684167, 298.63606735217246, 455.39328975857586, 1147.142277549379, 1570.9576084025634, 551.3581879459557, 528.7565569942625, 1000.7543713899103, 1043.2321516011343, 899.6633623139386, 577.2704325346986, 254.56579459013682, 1572.859385417631, 958.365453522649, 495.2644697741838, 1555.942212213202, 612.4923473433245, 758.0001737176574, 1439.849288867059, 669.4744243183438, 549.926660398938, 542.6549753768807, 874.6173384492508, 1161.555628287678, 584.8510212331034, 388.8599761247943], [675.8779266002236, 471.7969968402286, 593.891259518522, 471.6411041971865, 715.8577466744621, 1549.8708933693954, 2224.9738866324346, 450.6427095868939, 249.0110763715541, 1905.350057092295, 489.53242809324246, 714.4165539912083, 1098.0154098322798, 5.252661e-317, 1814.5366947530804, 1156.7542533896947, 1120.654150122199, 542.6877210116841, 1407.9982461319923, 1965.1885096500043, 572.6115384587434, 429.41434922764336, 1852.6593395025986, 836.3305796966457, 440.5337330849511, 356.7196554851767, 327.61847669564827, 1023.2491697050982, 499.2061426159786, 738.2084446685063, 1509.1834082578443, 486.03992180677307, 1419.3560842747138, 753.6179716390878, 1364.5943299232679, 487.87615138716194, 416.09889162854046, 413.8157851403754, 676.2472246512106, 1342.817583429043, 589.8544274885751, 767.5902338994312, 941.2168912913235, 1272.4755086766286, 1203.9539095136201, 1415.1920869389153, 629.1323495521425, 252.96348767076165, 1630.9984510155994, 718.2648151257664, 1308.8977917690177, 941.9851839063102, 623.0085741618262, 1237.8432127085132, 403.85299746715236, 1013.341006355385, 754.4272143998941, 970.2306771286895, 649.9854637440029, 251.5597394986167, 451.41955432104305, 685.6239186843466, 395.64062717169554, 508.65864270093937, 654.9835907783528, 1347.883241481436, 683.1423754997452, 252.96348767076165, 1413.630107149753, 1397.8137195913737, 1767.8675270095323, 708.1738101549554, 614.8841268364921, 403.11888038717706, 672.4785959739683, 471.87091491267495, 950.2328834186304, 984.0926909680842, 969.972471766814, 1502.7468326669436, 391.8343736902714, 320.3993781070752, 530.4002098005169, 2206.9602349186143, 617.4049740291366, 684.0226472098063, 392.44336500247584, 1587.6295405529072, 705.9196558374165, 979.9435399880311, 500.6044572200672, 505.7590938826489, 1476.9071786705472, 1380.6020353648335, 842.1048876693299, 558.93440739864, 1116.9958952674986, 1120.654150122199, 656.2441265017945, 683.1671200827146, 387.1035141406114, 1874.3338767181135, 1373.6843804544237, 523.5585802702618, 1941.558560361857, 666.6751145769448, 941.9851839063102, 1366.1489851910956, 534.6033383618832, 673.960898804746, 364.4987057172077, 681.9338915669399, 1541.6993954750044, 709.38052136774, 587.2718889029936], [662.1353671707836, 390.38328048280323, 573.1654887822419, 567.7508672436342, 241.17951070125224, 1397.4408988933144, 1113.6357679421658, 407.6609591104237, 179.4936720069363, 1693.1062962081505, 545.1046647568054, 747.0112804860285, 947.2461371589438, 1814.5366947530804, 5.2526807e-317, 805.5156931822652, 856.9495458965312, 389.6397561983002, 679.9499934823086, 1035.5680998470991, 517.5191252025724, 324.0314677627932, 1125.875838785652, 634.8307459733128, 756.7206674440938, 402.10105117848326, 314.00060723755087, 755.5545739362135, 395.1936673095316, 417.7215287364898, 1642.1144809807442, 518.0065970716149, 1068.0633557690403, 303.9526496727042, 534.6310644308652, 389.32639283235625, 641.0853807795614, 469.9946506639241, 257.86302338515486, 1409.8005139574132, 472.9042602011086, 921.2112563616612, 689.9289595874883, 1385.9923252305014, 1104.1000427509066, 684.300397023405, 557.2687837735599, 318.5596007180906, 2453.495902855629, 595.648416568222, 1418.7738646791213, 443.5015459418235, 619.6286129560103, 613.1048315510686, 378.7990395585137, 1929.0461199696729, 557.8824375771125, 847.2461645608093, 588.8065818914336, 285.1180475455934, 401.94929185885184, 699.2969515920297, 233.62663516225874, 476.28163695215375, 454.0885176849197, 1053.2102164212388, 860.4799089620401, 318.5596007180906, 1350.1886921585412, 1057.708249540023, 1929.6895260352062, 576.2248678178088, 476.28332585201713, 253.42986014411278, 697.4105177649953, 411.4119538378473, 937.0817525744949, 742.3613900324651, 567.6662922079677, 1452.5900989432944, 347.35942870165934, 532.8674259070705, 272.84922218370014, 1913.2382263504128, 441.2096092266977, 525.7292005285678, 493.62398436140217, 483.7762056743158, 513.0449457034301, 1456.5544803555642, 212.24589909641597, 303.9893856809911, 673.7745124012805, 916.9377902241273, 552.6954003044876, 442.79936982468337, 778.5183702532177, 856.9495458965312, 848.4980856372833, 508.6662985289195, 253.72531697393373, 956.3921622565879, 1083.4077447572288, 430.3800798658516, 1328.6670594049094, 558.8645110400082, 443.5015459418235, 1045.4747120191478, 674.3960369083231, 375.0227971126918, 352.59899084759763, 694.4300986824221, 1818.3861778709336, 353.17932684910687, 383.7075504332335], [1269.37287429159, 462.8775936022776, 752.1156092835117, 700.3870357630512, 770.8863198057621, 988.5965091151028, 1071.600417303295, 800.6964437084328, 537.6707559422409, 1406.4530777801128, 1266.9233409007097, 1366.6489300190444, 1212.3315088119487, 1156.7542533896947, 805.5156931822652, 5.252661e-317, 1328.7958519998822, 1077.5945740631532, 1237.4953787535683, 1045.5426910694412, 1686.496413159634, 771.6216255131393, 1234.2401665822415, 1168.5637713411345, 1225.9554587169446, 1076.027067199207, 731.0453017848967, 1160.7971378262316, 1001.3281348421597, 1153.5179124050815, 2157.7296448420702, 329.07983564690363, 1382.727770879145, 1178.7530063086206, 1141.2213203031022, 738.6633950285835, 897.6504914450363, 1281.4048540185067, 941.1588910384996, 1687.5531879028015, 1008.2459661551634, 1495.9127208230213, 1525.3352982613862, 1496.4963262145436, 1191.6135860311729, 1238.8451885191564, 1201.5122685506435, 459.90489372568493, 1511.8835240743967, 1447.4544216795268, 1647.0349326018033, 1506.5013376764084, 1955.4408721448233, 1013.5376049063158, 627.9776357063622, 1292.3191142225207, 1341.7761788933342, 567.3698120598754, 1022.9385304554245, 330.2509421307258, 862.7482637335761, 1614.4688541931152, 552.1594496264638, 784.693609632332, 928.9593621971479, 657.5682221947701, 775.0288469612459, 459.90489372568493, 1443.5767769914437, 1113.2929622952431, 1831.5204819083774, 1644.3660278790642, 968.5795063286082, 572.0022929389017, 971.0441495436457, 653.9618261621567, 1660.482284411017, 1016.1144277105768, 391.05007893300433, 1753.5788400582371, 457.1077265403818, 1341.561954901783, 572.8522586907673, 1657.5388574011542, 1277.4220730633124, 1662.4271667514727, 616.6983338084941, 956.2529714892601, 1500.2165581518404, 1485.0422068588773, 774.0992795364762, 1011.5845975271042, 790.5974893592198, 1051.6490967345956, 1010.4434928000892, 683.5222578395984, 1294.9480778593047, 1328.7958519998822, 1720.9856107859312, 914.7810318395715, 390.4842840154826, 1058.1914446102182, 1390.7407232807627, 937.906096301473, 1004.7408185661147, 1483.715948388352, 1506.5013376764084, 1238.108012395886, 918.1305693647238, 881.3727138422838, 852.927137017439, 2043.4318200757355, 1304.0836636787815, 1004.168841400836, 564.1425974623247], [808.7955314191048, 484.91042081728096, 604.6137128410243, 577.741061762435, 685.8889224879049, 867.7424111403272, 959.2278369247321, 330.92368126078526, 233.3812828481603, 843.8898836652206, 611.4988485702199, 760.5976266024411, 1043.2321516011343, 1120.654150122199, 856.9495458965312, 1328.7958519998822, 5.2526807e-317, 668.1756650579347, 1036.5287499502545, 1080.2949171176404, 638.6318112309762, 394.94659301702654, 1343.1437224612316, 962.8426777139928, 1149.993686175234, 478.9757769651798, 415.3530674101062, 1082.1623240647664, 469.9171517099626, 831.4881511184863, 1754.6409309568423, 690.8142159313732, 869.0919648197807, 820.120573998341, 882.6272692893499, 533.1499138184432, 705.8636384975795, 490.15705903218117, 598.4767705519502, 1309.429653572181, 530.7110428649063, 964.3877465546075, 738.6382964431876, 1251.5496045613058, 1113.9777441607293, 1039.555763592266, 554.3294557376031, 489.5452892804095, 1101.5425250290573, 689.6379010520387, 1272.7879032946762, 901.914243475427, 1061.1708883095598, 1080.9316409348328, 642.157953079839, 1274.5363592507902, 657.9206011435756, 1101.7817736138882, 741.8348413331875, 358.75590282975395, 488.25414715491564, 876.973693784416, 313.79328418086806, 315.99861183783133, 675.7665619059659, 1165.8076114817063, 1221.8803868858902, 489.5452892804095, 867.4901277180838, 1094.7140353057043, 1286.6203591818141, 607.272832745523, 607.7314499991853, 334.7094108003439, 921.1244071664009, 488.744593345049, 1174.4325862189582, 718.090679990052, 1000.5473328735379, 1103.686118966273, 460.05446103214416, 585.9280460793202, 523.8753873108656, 933.3745882098079, 893.5667913589812, 684.9471765488366, 642.0530662631886, 1025.9955218746597, 814.9916229762332, 1022.1783054929177, 442.4870995858818, 350.98275226972953, 915.0526089816444, 1324.8868309193679, 929.421779896118, 393.6947390959702, 934.1553521164295, 0.0, 903.8250645939503, 663.510312058792, 339.7029543471272, 1183.846592975038, 1210.5789470437016, 511.92131643478046, 1207.8957551978194, 1058.5529253231373, 901.914243475427, 1108.6719862887753, 912.194772541533, 677.0022089978986, 560.1086379680019, 942.4178680630858, 1021.572677223746, 675.4519280448263, 487.34898628471143], [962.8497909263286, 855.0051368530931, 991.624836077454, 715.826132523841, 790.3700798357498, 472.2011674387047, 481.1991245953768, 845.3129599376655, 411.1804979335479, 656.004245570512, 958.9663044437469, 805.9319537066233, 671.4934214893991, 542.6877210116841, 389.6397561983002, 1077.5945740631532, 668.1756650579347, 5.252661e-317, 358.49758787726245, 573.0620539142316, 728.2445183382696, 622.2859482082696, 325.11306909254813, 492.15500323858896, 781.2990112964336, 659.3872274107833, 584.8314747014945, 485.45776700988336, 738.9750770323393, 643.98773326207, 1340.410009403797, 901.6901249414973, 678.2214022634823, 572.2760160643724, 349.99485756317597, 913.6720969063963, 623.6712438898059, 746.7559540413598, 660.2802665151993, 849.6254257292396, 785.095345486225, 836.4355189405863, 836.4543078775761, 751.5015137880363, 640.8075815244765, 357.9782774588671, 734.2241768779718, 457.7894139987745, 880.672349338419, 916.3038320631548, 803.9868118291695, 645.9165725249167, 1116.0587903366506, 581.1885020183514, 890.792640480196, 733.1506029067173, 697.4347969834724, 926.7817571702471, 690.0503682315131, 373.2008234736143, 662.8213828830237, 801.5990160415432, 558.356255730912, 978.0185639949501, 732.5919331284781, 603.270004958176, 968.0394597867856, 457.7894139987745, 661.236248993854, 519.476298021353, 957.7930929750863, 781.1641895054413, 905.3702324057406, 609.8358897953715, 1072.4571564480473, 766.6823951120783, 641.2253900584763, 736.3881010392569, 1127.2547641970014, 761.7861673161266, 757.9537370702125, 799.606475025635, 767.2783630893141, 788.2252579243972, 683.5187586261236, 875.0421535026263, 711.4475566708419, 391.14525112081793, 753.4986474225523, 655.8028791139275, 732.9645494981846, 903.7826590566946, 476.7480792581613, 590.0014602618232, 803.0939828427223, 942.9132549901498, 641.9360079985623, 668.1756650579347, 801.045335204283, 757.3644774466035, 606.7801935125674, 588.047503472464, 590.9345274848534, 943.5681159574527, 581.7893764837045, 755.3145778543923, 645.9165725249167, 664.3885639961137, 1021.7856651084752, 640.4281816115541, 522.1526594343608, 836.0140677802704, 651.2768274843447, 596.2699846360337, 896.0659492372163], [728.9767557133603, 527.9767421254842, 686.1684440190713, 588.4449480781209, 396.115895427405, 1215.7918469474462, 813.2226573852795, 531.5077982186211, 227.65015836107867, 1349.9484561919649, 605.4413791199212, 1029.258381686969, 1129.4310423650104, 1407.9982461319923, 679.9499934823086, 